ImageRatingId	ImageId		Rating_Mu	Rating_Sigma
1	____drakhts_____by_arghavan.jpg	27.7713693036492	2.2358905734384
2	__Autumn_leaves___by_PNAGANO.jpg	17.3929951987543	2.57617926710839
3	__COME_WITH_ME___by_bmessina.jpg	31.8040744606381	2.13341792000533
4	__elemento_DE_QUATRO___by_maxbal.jpg	15.5891413128209	2.04853099166065
5	__Lost___by_AznMexTofu.jpg	25.100438592538	2.34737298301155
6	__The_Circle___.jpg	21.6869401078058	2.24749667610555
7	_Chloroplastic_System__by_numb_synapse.jpg	29.7521853222128	2.24734580382179
8	_painting__power_of_joy_by_dragonoids-d4tjf96.jpg	27.6675913030306	2.60825561416762
9	_PoP__by_EZbreeZ.jpg	35.1963298831517	2.41729660242266
10	_Sakura__by_nayruasukei.jpg	15.3961428144837	2.20839903031373
11	01eins.jpg	24.1551091444766	2.17522046795106
12	031204__Landscape__by_TKMUNDOK.jpg	35.3745487712079	2.1419488118806
13	035ddf24803ee033.jpg	27.6777562937836	2.25576638068082
14	0422_by_chu_.jpg	36.2742737987775	2.33313742008242
15	1000_by_santosam81.jpg	27.6059184052457	2.26192989020541
16	100228_by__az.jpg	13.2777797775371	2.37907524676379
17	10186602_by_Saint_Gut_Free.jpg	31.4276302524424	2.14134366116781
18	102138113ef30e967116de80195e92ae.jpg	30.0336672260402	2.1810753361586
19	110507_by__az-d3g1age.jpg	21.6774190570818	2.3327647467528
20	1st_abstract_print_by_cocoaflannel-d33q2f2.jpg	19.1333120625736	2.22453859342251
21	2012_spunt_by_ribeyedsmile-d4xhs8p.jpg	27.679165314846	2.20511450210225
22	2151_by_santosam81.jpg	31.9827899407228	2.18892862134285
23	22__by_dosvidania-d5cwp75.jpg	36.5084574447235	2.20367600503964
24	2306_2005_by_AdriAdrian.jpg	15.2754542694125	2.32250652754283
25	324c2009c94025f35fd137e196b103a3-d4x1dy9.jpg	31.1465646215628	2.19606525004698
26	32d628fbcbe9d0e0.jpg	38.7457638420401	2.35049901849994
27	33d08c8835cb59d4.jpg	8.13690314728119	2.16605244786835
28	36e918b0fec83d7f8012eb9fff6dd5ca.jpg	19.4940507065604	2.40777701042895
29	3b33f70181f376c93d639e3d8791272f-d5dfdfn.jpg	28.7330924706394	2.39966077619051
30	45f49a2830c596881206fb1071a70eb2.jpg	25.3627367675888	2.16188086907993
31	47_by_megarainynight-d5644q6.jpg	34.3181055036146	2.17654721575399
32	5_of_30_by_asteraascended.jpg	20.5816531964687	2.49357829752559
33	51b73a3a0c02efd8.jpg	22.2235651703605	2.38908374424264
34	53c34fd084e31c7fe84b9c4a77ec689d-d4u73i8.jpg	39.7358896317652	2.2722144822472
35	5a907b680542af2145644c316f3ab0f9-d3giiva.jpg	32.5174715538506	2.37688426011344
36	5ed7addbfcf6b1aa982e8f58bd4fc964.jpg	34.8997380993318	2.10524192203973
37	68fa5ea96577c83b8eaa1f9c91bd1d2d.jpg	36.6497896188106	2.26990352250815
38	73759e722d6c1b747c490bf7c311a976-d5fghd2.jpg	13.6476173720676	2.34345617625199
39	73acc8441aea2501b4bbea1d4c9f55a1-d2i2ost.jpg	9.80381294033271	2.34970199681931
40	76ccfb0aaf900ca269d7d8cbef4be9be-d3cxyz7.jpg	6.05447327265407	2.27696525690259
41	78c78ac5b0fb75a5aa59cd33ba4aeaca-d3252sj.jpg	18.5905879417512	2.26855927886537
42	7dff44fc2195028c.jpg	33.8923452016093	2.35044221114088
43	82abb53a316fcadb4b11b4bda2fe5b69.jpg	29.7699512597217	2.490488932395
44	85778e6a8f329dfbe614bfb0250d06ee-d4czkxj.jpg	33.3961436819507	2.71744352069928
45	887a51144eb41cde.jpg	27.1656420395222	2.19436282642917
46	8a2e79ed47fe07e15c6fe353cf8b4136.jpg	31.7394640709741	2.50598919801628
47	90b2818181620d47.jpg	9.67291503247543	2.34588324583735
48	a__fish_called_finny_by_remnanceofplen-d45jqge.jpg	42.437396545901	2.25047785013018
49	A_bit_of_this_a_bit_of_that_by_danstep.jpg	34.0319637677594	2.35407274888068
50	a_crack_in_the_sky_by_blusmithgallery-d32gv6c.jpg	25.7398521266644	2.49841661168145
51	a_day_at_the_circus_by_anuvys-d3alltt.jpg	28.3408003260006	2.31992242811684
52	A_Dimension_Too_Many_by_Evilistical.jpg	31.1303160409353	2.33375011954879
53	a_dream_with_steps_by_j_hicks.jpg	25.3737029388686	2.29436048461721
54	a_flow_of_colors_by_sherif_shawer-d5fcsos.jpg	20.8248491929313	2.17754624280103
55	A_Hole_in_the_Sun_by_akyra.jpg	33.2929317071711	2.17266893411323
56	a_portrait_of_my_stomach_by_Apple_Autopsy.jpg	24.0571443307142	2.13451837557077
57	A_Total_Loss___Revised_by_davegoldartgallery.jpg	24.5248451195061	2.20475509557857
58	A_Vivid_Dream_by_Coltonnewell.jpg	30.5107437523742	2.29338842390695
59	A_Voice_In_The_Darkness_by_joereimer.jpg	17.2121435309471	2.39880385436744
60	A_wave_of_colour__by_deedeedee123.jpg	40.000069875049	2.18639331952132
61	A_World_Full_of_Choices_by_ewahbe.jpg	38.8658466393405	2.17875047364631
62	a_wrinkle_in_space_by_aria_melodie-d4jeg36.jpg	33.8734002353905	2.24022572109807
63	a300bea8fffb8d271c88d941ae82fc5b-d4bqlpy.jpg	23.8755976042817	2.21426949422516
64	a5cb8a6c74403efc.jpg	28.2485085124484	2.4319557745934
65	Aboriginal_for_uncle_by_museofrawk.jpg	35.9775393006944	2.18402653899165
66	Abstact_Triangle_by_elletennyson.jpg	28.3530755859937	2.33681963070773
67	Abstract___The_Hidden_Garden_by_diceglia.jpg	18.4295640171989	2.20161382562292
68	abstract__acrylic_painting_on_canvas_by_fabianomillani-d5ps7un.jpg	29.0196851281638	2.21163933805312
69	abstract_02_by_CorpusPineale.jpg	14.6175116981274	2.34839521224181
70	abstract_21_by_ink5000.jpg	25.0929904580534	2.71845425502884
71	Abstract_243_by_JMJahn.jpg	28.160644519874	2.24354102219694
72	abstract_3_by_luckytoyn-d5dndbw.jpg	28.9835655242271	2.1704633406178
73	Abstract_362_by_nataera.jpg	27.1298215463406	2.17263632145029
74	abstract_4_by_tyleen-d4dgc1q.jpg	29.2112424309125	2.29966712014264
75	Abstract_by_auravaz.jpg	33.3593974768609	2.50979864529746
76	abstract_by_boilbilly-d5at6ld.jpg	26.8068309204073	2.40318329602584
77	abstract_by_candychua-d4hjyys.jpg	15.471362430824	2.1265583525817
78	abstract_by_EstherVienna.jpg	29.3144927021022	2.38480170610765
79	Abstract_by_katlyn6.jpg	15.7704476796441	2.14194599800461
80	Abstract_by_Nomi800.jpg	21.4776883508115	2.66560400680434
81	Abstract_by_Rhodri.jpg	28.249364689395	2.64807073593084
82	Abstract_by_Rynorean.jpg	32.1936291035106	2.12085026655035
83	Abstract_Final_by_HIMstress666.jpg	32.927446516824	2.1386010033356
84	Abstract_from_the_clouds_by_Kaikaikiki.jpg	22.452614841676	2.140749305599
85	abstract_graphite_by_CodyFoto.jpg	14.1292559920544	2.17141618472201
86	abstract_jellyfish_by_rainboww_horror-d2p9x1f.jpg	36.907929082043	2.28060909897343
87	Abstract_Landscape_by_CroutonSevant.jpg	21.3123790882807	2.33623590836283
88	Abstract_Landscape_by_DMSandler.jpg	33.1149817154493	2.19616072700446
89	Abstract_manifolds_by_farboart.jpg	41.1894351673272	2.27876334495073
90	Abstract_One_by_BLZeeBob.jpg	21.6619878684943	2.50220267102121
91	Abstract_Painting___01_12_by_Ialaluce.jpg	25.6364764616149	2.1923401519043
92	Abstract_Painting_by_Akenim.jpg	21.399635423646	2.22303107098176
93	Abstract_Painting_by_DjinnWolf.jpg	24.311049177282	2.15529881066772
94	abstract_paris_rooftops_by_emattbax-d50xw9m.jpg	22.5517113304838	2.20753748350612
95	abstract_pennage_by_applesourjellybeans-dwmadi.jpg	14.6329677037898	2.18279861285978
96	abstract_rain__purple_moon_by_kyri_is_dark-d4y6bb3.jpg	22.0218924358931	2.24369450150781
97	Abstract_Series___3_by_goemonsama.jpg	15.312274380428	2.16892335427251
98	abstract_sketch_1_by_ink5000.jpg	34.189163958357	2.16981458912694
99	abstract_watercolor_by_skiface.jpg	33.1518730374856	2.2954994999586
100	Abstract_with_Sparrowhawk_by_JMJahn.jpg	23.9192431595929	2.47830483634722
101	Abstract01_by_mikey_madness.jpg	30.5402082983668	2.37949012025476
102	abyss_iii_by_keltu-d5b3yk8.jpg	37.1863826887932	2.11955210218397
103	Acid_Rain_by_the_art_geek.jpg	33.0292832316855	2.13122749845269
104	Acqua_by_vaid.jpg	37.8827908758796	2.21551656855158
105	Acrylic___Dalliance_by_Lloydica.jpg	30.736588352685	2.64651166163889
106	Acrylic_Experiment_by_jdaobfan.jpg	35.5303307958603	2.26926418142198
107	acrylic_no_29_by_ArfW.jpg	31.4346667601647	2.23095958004312
108	Acrylic_no_52_by_ArfW.jpg	19.3292596534233	2.27868698814302
109	Alas_Our_Poison_Light_by_EPAF.jpg	18.4530129374035	2.31244830565487
110	alchemie_der_energie__verkauft_by_allphaflow-d3bh1z9.jpg	24.9776743231469	2.16824784797074
111	algae_storm_by_anuvys-d4b3ldm.jpg	37.1978365165324	2.2076716270837
112	Alive_by_tropicity.jpg	34.5641945941839	2.07515230811393
113	all_mechanisms_failing_by_9days-d4m1ibm.jpg	14.320649716226	2.04602715902343
114	all_that_glitters_by_anuvys.jpg	27.5392203070615	2.38064819601789
115	All_The_Kings_Men_by_lien.jpg	15.266900647556	2.13048079677221
116	all_the_lost_keys_by_commoner_pocky-d4kawos.jpg	39.3242697079081	2.14101429400105
117	alliteration______________sold_by_paul_ashby-d5cwckq.jpg	27.984931850189	2.2926250363163
118	always_new_depths_wip_by_blondiemuffin-d4pl52x.jpg	45.327206669435	2.24908312430658
119	amber_by_ashriu.jpg	24.1668975289306	2.2211987965168
120	Amytis_by_leonbaker.jpg	18.1795861678551	2.15630516183847
121	Anemone_Teeth_by_Konjekto.jpg	23.5613556602162	2.53647011869264
122	Antiquity_by_Eekah.jpg	23.8758784817934	2.43771265609697
123	Anxiety_by_TheOutsiderr.jpg	20.0839752825138	2.06802713966755
124	Anxious_by_BluesMonk.jpg	14.5676218911698	2.14430330853981
125	aqualung_by_AcrylicArtMeridians.jpg	39.7648065604993	2.10811638758065
126	art_final_ft__hamsteak_by_moonandsunlight-d4nq9qq.jpg	24.5094955425564	2.77042856896721
127	ascension_by_ambitiousoutsider-d552vhk.jpg	32.6865914404754	2.14992367408385
128	Asever_by_Amber_JaneGrove.jpg	29.744609408727	2.32289112584087
129	at_sea_again_by_kiukkukissa-d527ru8.jpg	17.0058657114462	2.39153211281253
130	at3am_by_kiukkukissa-d5sbwn1.jpg	19.2639591599074	2.47942576769732
131	autoportrait_3_by_pbxn109-d4kl1v6.jpg	19.6509040105349	2.64474070794624
132	autumn_colors_by_xart_facex-d4ezy0i.jpg	21.2772548699408	2.26506659893564
133	b5155b954b30bbbe115683df44301ec4.jpg	35.9957416715885	2.15748290045184
134	b5516a4541961ffa.jpg	11.6960473169867	2.26494297368249
135	bacon_is_done_by_remnanceofplen-d587qll.jpg	31.7504003111371	2.14090133262876
136	barricade_by_lien-d3q40sp.jpg	6.35440633643127	2.19008299362042
137	basic_frequency_by_creativecoffee-d3422p8.jpg	25.003467390804	2.50244343194324
138	Basic_Painting_II__9_by_askewcabaret.jpg	27.0962881589596	2.24763284407176
139	bb87e8b47d90dd049c5412e6c57fe59b-d45sya7.jpg	21.765439513552	2.59056548680673
140	bd49603285c6e8c44dbaa947b1566b0d-d5qaj9h.jpg	32.6693482889115	2.48688819602096
141	bd95cd47d495830c567d2d1345ecc0d5.jpg	37.5505859709018	2.10896276324462
142	Be_Fella__s_Valentine_Contest_by_Anesta_sama.jpg	40.772792528795	2.23313828294766
143	Beginnings_by_dlighted.jpg	35.9791206528723	2.5691026893953
144	Bipolarama___by_sick_snowangel.jpg	14.0124936562886	2.40112752169601
145	bird_by_egotyk.jpg	17.1724913791733	2.13482982672867
146	Black_and_White_Abstract_by_BestTails.jpg	16.0514422478889	2.3988686536777
147	black_triangle_color_3371_by_emily3371-d6fmozg.jpg	22.9972880655395	2.15458977598551
148	Blocked_by_aboundingmist.jpg	18.0585354061268	2.09588108528952
149	blocks_drop___2009_by_erkonom.jpg	22.5229234322983	2.11954620239666
150	blood_and_sand_by_andrewkeola-d5llufz.jpg	13.6780903176746	2.60425371555576
151	blood_in_my_veins_by_azurerayart-d2pbcei.jpg	20.4343916281046	2.14619599953637
152	blood_in_the_water__salt_in_the_wounds__by_ethan_rucker-d5bx9fp.jpg	24.4278655861857	2.33970506088165
153	blue_by_forestforthetrees-d27t4ag.jpg	20.9958582955334	2.40306000933464
154	Blue_by_leonbaker.jpg	16.040982446094	2.39715741552663
155	blue_dress_by_1000eyes-d6km8ap.jpg	5.83155374261959	2.33031719125121
156	blue_end_by_bex013-d52vx7i.jpg	28.1448809109949	2.18453357024634
157	Blue_Hare_by_thesvetislav.jpg	38.6683992174311	2.14444365935984
158	bluecityb_by_nauriel666-d6508xr.jpg	20.3758011310113	2.38649362761911
159	Book_II_Empty_Walls_by_lien.jpg	12.0565533913906	2.19951499424198
160	Book_Of_Dreams_by_lien.jpg	14.4335624530147	2.69660132308748
161	bosque_de_la_indecision_by_choryujin2012-d3j3okb.jpg	32.4229530038402	2.19319871781793
162	bottom_of_the_lake_by_creativenico-d3ivcsl.jpg	27.2392086744488	2.8879842902758
163	Bounce_by_cogwurx.jpg	14.400150284913	2.25190184678621
164	brainstorming_by_ziopork-d4vtqet.jpg	16.6655107046432	2.40090597014168
165	breathing_by_ziopork-d4p33s6.jpg	22.7561259120819	2.46442601473195
166	Bridge_by_lien.jpg	10.0249008443857	2.35669604903083
167	C_Marchand___Automn_forest_by_french_art.jpg	22.1382966020756	2.31487836109717
168	c0c3a8fe46ae17bd504be46622d76e4a.jpg	31.8068416782381	2.35534769739794
169	c0d3a54e643162809760d70ac5e304d1.jpg	22.3835944542701	2.18816750888993
170	c34b577a82ea0ac0176f140d143fcf92-d4nhjf2.jpg	20.6847250582168	2.30217213924278
171	c5a06696c26f9d61.jpg	24.7576611316743	2.63564055154655
172	c74029d6533fb20b3407a2be62c363ce-d45hno3.jpg	28.6764696281331	2.3059561218827
173	c7914f430616333a.jpg	24.9619977193462	2.32189680346404
174	c7c19fe4717dd57f0649abafcc2110e2.jpg	21.15580984283	2.3121911805909
175	cage_by_dosvidania-d5wi5r7.jpg	23.3888741713389	2.26624937422917
176	caharne_zuhur_es_by_E_invoked.jpg	18.5506970726871	2.36009578831228
177	cascade_by_theabbiescreams-d39uyhb.jpg	25.7945126317037	2.81575726614681
178	cataclysmic_action_by_alloyius_mcilwaine_by_alloyiusmcilwaine-d637b2d.jpg	35.1341934240414	2.34108987203805
179	cathedral_by_efgee-d40e31v.jpg	25.7841528564514	2.81417364873757
180	cells_in_their_prisms_by_moonflower16-d4m6s81.jpg	34.3074845445463	2.45420189966533
181	Celtic_Spiral_Stepping_Stone_by_foxvox.jpg	30.6301290242404	2.26325404635035
182	Childhood_Seeds_by_childofthesky90.jpg	36.0946953330451	2.37161420774918
183	circles_II_by_caveart101.jpg	21.027112963396	2.78278637547799
184	Circles_vs__Squares_by_ekoh.jpg	26.1134372927505	2.89876481718804
185	cities_and_bones_1_by_artagain.jpg	21.7782074987111	2.5929771508988
186	cities_and_bones_10_by_artagain-d2f3076.jpg	9.15033516451995	2.31180329162747
187	cities_and_bones_21_by_artagain.jpg	22.1440680155556	2.89345941412436
188	ciTy_7en___1_by_easyfloat.jpg	22.3580256596442	2.58571305214842
189	Collaboration_in_progress_by_amnios.jpg	39.4692329934865	2.68359014643248
190	Colony_by_edelias.jpg	17.7660451726131	2.18095549921125
191	Color_based_by_EattingLittleBunnies.jpg	47.3885747980654	2.23787742269155
192	color_is_by_darrenreimer-d5vzqz9.jpg	15.4197860490803	2.43934858372375
193	Color_My_Mind_by_kao201.jpg	27.23301510618	2.26360538063016
194	color_of_the_epicenter_by_foreverevermores-d476br1.jpg	35.5952337683532	2.1509120516066
195	Color_Straws_by_MattTheSamurai.jpg	24.0671045849869	2.64919360003804
196	Colourful_abstract_by_Fenfolio.jpg	42.775714624534	2.14589066395485
197	comet_by_aforadultery-d3cqblm.jpg	31.7423129228658	2.4211952754545
198	comp4_by_miralos.jpg	19.989015109101	2.29500552709316
199	Complete_Version___Two_Parts___by_clijoco.jpg	9.53737126755336	2.23643354139927
200	cOmplexity_by_aNdreDAV.jpg	20.8375364599593	2.4470369003511
201	composicao_4_by_euuuuvitor-d3hh098.jpg	27.7015459632795	2.23822190386829
202	COMPOSITION_2_by_beigeape.jpg	31.6652519247723	2.20626178707278
203	conflict_by_phylactos-d6a14tx.jpg	20.3057123899381	2.37083293780793
204	Confrontation_by_CaraDery.jpg	19.4218317578434	2.19474844591709
205	considerately_killing_me_by_satiricmilk-d4u5o5z.jpg	11.5379457538247	2.31043984824739
206	conversations_in_reality_1___kindred_by_loccus-d4zn6ag.jpg	24.0956797277904	2.3241896875957
207	Counterparts_by_Fungleberry.jpg	24.8568512605279	2.43478342878643
208	Couple_series___Study_by_vishalmisra.jpg	29.8845210278716	2.24689299295355
209	crab_nebula_by_vacuolatetuna-d55raqb.jpg	34.0527772262219	2.35864777907901
210	crossing_the_coastline_by_dica_ambien-d2640yf.jpg	25.43481652442	2.11420714305583
211	curves_by_nailpolish7-d5qyhob.jpg	23.4848765477783	2.17739965413308
212	Cut_by_VFallingV.jpg	19.2420356616998	2.21807163831562
213	d306c5790d3b891f605eb518364e02c4-d4yz0q2.jpg	42.1977246752714	2.24820448494338
214	d53ef96f1b1ac2a883c8eef497cb686f-d388lt1.jpg	16.1057467893774	2.23771347784527
215	Dalet_by_volute.jpg	24.6394527357357	2.29610095262009
216	Dance_of_the_Black_Piranha_by_CapitalistBaby.jpg	23.4231994541376	2.61566389267707
217	Day__Dreaming_1_by_marn2009.jpg	19.7848061796438	2.63793936232007
218	day_by_1000eyes-d5qm6n6.jpg	20.3178647809937	2.22546438350157
219	death_in_the_flood_by_lukashalza-d4vu68c.jpg	25.2955883232223	2.33580721253828
220	Decisively_Indecisive_by_uncle_ambulance.jpg	17.5543775432069	2.35734852506427
221	deeper_vibrations_by_kiukkukissa-d3gey3q.jpg	20.6590315785301	2.24845236083326
222	departure_by_Saint_Gut_Free.jpg	24.3037985327042	2.72963119368717
223	depth_by_batm56-d3fd5vg.jpg	21.2377767128238	2.32605798651539
224	Desert_Flowers_by_dclement.jpg	28.202980999377	2.38773113117867
225	Diptyque_275_et_276_by_volute.jpg	16.1756672016625	2.29068106739249
226	Discovering_The_Waterfront_by_Coltonnewell.jpg	27.8034796343949	2.41734389526789
227	Disillusioned_by_Aprilart.jpg	5.00961390088414	2.18594489102762
228	don_t_wollow_you_re_worries_away_by_blairjohnston-d5m8krb.jpg	19.4241444752837	2.59151075318085
229	dotted_flower_by_evellii-d5a3w52.jpg	43.2214678757072	2.2434186647389
230	Down_The_Drain_by_Coltonnewell.jpg	27.1774637990953	2.16609807669337
231	downpour_in_the_rainforest_by_everlynblueberry-d4g8lus.jpg	24.4723519124867	2.24618102942339
232	Dragon_by_kanevhall.jpg	34.12077315091	2.23347639643442
233	dream_pic__glare_nd_flowers_by_diceglia-d3ehs7q.jpg	18.3117607703689	2.29350071562131
234	DreamCatcher_by_aliceclark.jpg	14.0928196921278	2.3856927044329
235	drifting_soul_by_mushroombrain-d3693vv.jpg	36.5952444083575	2.14027114771415
236	Drip_Swirl_VII_by_bcduncan.jpg	27.1691477779925	2.18361578918539
237	Drippy_noise_2_by_earth_tone.jpg	16.9917285722774	2.33092864361761
238	drowning_demons_by_uselessjack.jpg	29.6525317975257	2.20177801577181
239	duality_ii_by_jackisco-d4nvjna.jpg	0.837464935138805	2.5480453071647
240	e_scape_no_whimsy_by_arthurx7.jpg	42.5445790387501	2.30164546690104
241	e528f29537997d197436f11b234cd9cb.jpg	14.8969806075821	2.68665418736212
242	e636639f57f43024.jpg	29.2675536358831	2.15605685241517
243	ea92ea361c1f1e4862cfd7e938341bc5.jpg	37.4667277459513	2.27237851444842
244	earth___erde_by_boindys-d3kqk2x.jpg	26.0654173017423	2.72430477534502
245	eggplant_planet_by_alianava.jpg	22.4923890950466	2.56516658933678
246	Elemental_Series__Water_by_Silkspinner.jpg	12.8497437274145	2.17235370933432
247	Elements_by_Atlasrising.jpg	33.5098134990592	2.13378500563462
248	Enantiodromia_by_DeadVenusBlue.jpg	26.0429543024796	2.29578754194338
249	end_of_the_galaxy_by_julieomg.jpg	14.744320508326	2.62986309716371
250	Enlightenment_by_jonathanjames.jpg	13.1979675851278	2.17561521197582
251	erupdflect_by__az.jpg	26.8033117164403	2.16549364754112
252	eruption_by_charwilliamson-d5mno78.jpg	41.4377921232592	2.18446259566363
253	fa4868dd09dfb03e941aad9e20c18ed5.jpg	33.2073164839459	2.22081476123122
254	fall_scean_by_simpleken13-d2xqd6f.jpg	30.72329883513	2.29918077449268
255	fantasie_chromatique_by_hannaite_nox-d5niaac.jpg	34.5587553061581	2.54854431294717
256	Fates_by_el_woopo.jpg	24.8225177178731	2.15783098966015
257	fbcde7e8aebf6a356dedf169864af398.jpg	24.2580181455232	2.42325908098191
258	felicity_by_ebcbrown-d56x2yf.jpg	23.0401717851149	2.16831684484387
259	fierce_by_simoneyvette-d3chjh6.jpg	35.4085906707708	2.23384993730957
260	Fine_Art_Oil_Paintings__by_defiantsanctuary.jpg	26.0889189746037	2.26897322554513
261	fire_of_a_haunted_love_by_arthurx7.jpg	25.8498728322283	2.3770153702811
262	firebird_iii_by_raysheaf-d42fx7q.jpg	16.1833749235301	2.15273171234519
263	Fireworks_by_yantotzkie.jpg	37.8793472472711	2.21172301914556
264	fish_fall_by_shanree-d3hhr7i.jpg	20.6574982742316	2.73064360092272
265	flown_by_eightoutside.jpg	24.3581714225209	2.32977485222748
266	Forest_Painting_no_4_by_EdwardJPayton.jpg	28.2574389906434	2.14548784764474
267	Form_by_Lechtonen.jpg	35.2911903849181	2.14745134836922
268	forming__oxide_by_alixmaria-d2ph37x.jpg	25.4534210253836	2.70715440883685
269	gabiandolive_by_folcorchance-d53v28x.jpg	31.912438526318	2.3210227015279
270	ghosts_of_the_desert_by_akifan-d5mz73f.jpg	30.0914538646091	2.10628716035437
271	God_by_amihedgehog.jpg	20.6097943114589	2.27806900793648
272	golden_yellow_and_black_by_chadsworth777-d50mhbv.jpg	22.477176581421	2.75628461286566
273	green_and_blue_stripes_by_emilyrosecaspe-d2ygbot.jpg	28.8056919165283	2.20222825892123
274	gReen_by_aNdreDAV.jpg	23.1956233364802	2.16747369948365
275	Grey_Continuum_by_Dekapitator.jpg	28.3534747795081	2.76103390711242
276	Halleluja_by_confusedzebra.jpg	17.1805447620638	2.16947614429133
277	happy_earth_day_by_fashioneyes-d3em9bv.jpg	33.371041092082	2.31304043459884
278	Hard_Rock_by_ziopork.jpg	6.68819187448026	2.24355262278159
279	heliobrocho_by_philippelaferriere-d5oezkp.jpg	23.0564385633953	2.30245588442689
280	hidden_secrets_of_the_red_dragon_by_skrob-d56ruay.jpg	24.1656321180437	2.14672954800158
281	him_with_her_by_CKdailyplanet.jpg	26.0672879552504	2.36890865537697
282	Holland_Bridge_1_by_jfkpaint.jpg	29.7316909260834	2.52599318266834
283	homestuck__blood_color_by_okashistudio-d4uffxu.jpg	30.2867798650055	2.77994013017674
284	Hope_by_oceanpeace.jpg	36.7176162007519	2.22260204720775
285	Horsehead_Nebula_by_11_73_3_33.jpg	35.6557477605488	2.42297962892427
286	Hotspot_by_Fenfolio.jpg	18.8430032275825	2.67169120139564
287	How_I__ve_been_feeling_lately__by_akyra.jpg	11.1695494076805	2.21661823014883
288	hurting_thoughts_by_Elio_S_Store.jpg	21.0273814194104	2.29462149995457
289	i_cried_too_many_tears_for_you_by_chintamani88.jpg	30.9039082399885	2.78325855725147
290	i_giorni_by_philliewig-d4xd0wp.jpg	22.431858431494	2.21521336992245
291	i_will_show_you_how_i_feel_by_moonflower16-d4n7tay.jpg	15.0991591067611	2.38125935621455
292	Imago_by_daythief.jpg	20.9795683520236	2.48545703242692
293	in_dreams_by_alixmaria-d4d3n9h.jpg	17.4880981252777	2.36221155830733
294	Industry_by_postmodernman.jpg	26.0480248574422	2.64281431305507
295	infusion_of_god___diagram_of_god_by_michaelelliottfurr-d596yu2.jpg	44.0869310369742	2.18447674604152
296	Inner_Workings_by_awsmdragonqueen.jpg	13.9980695743646	2.411712216773
297	Intergalactic_boogie_H_R__by_pezoid.jpg	22.6136222885767	2.42421225137176
298	intersecting_plains__3_by_kayriles-d4ejq28.jpg	30.4197553268131	2.1790431460731
299	invisible_knowledge__by_narameah-d5upo96.jpg	12.1399796663098	2.18433816591577
300	Istanbul_by_chilekk.jpg	31.9475094502504	2.27847755532895
301	john_by_benbirbaskasi.jpg	28.132431142699	2.1582397482864
302	john_maeda___learn_B_by_dzn_citizen.jpg	20.7068177231317	2.84643224389078
303	Jubilation_of_the_EyeSpring_by_4u4ia.jpg	36.1929179170222	2.34867800210119
304	juggler_2_0_by_maurice_le_coq-d6a0t99.jpg	31.997574438735	2.52983169790552
305	jungle_by_nivedred-d537u43.jpg	21.6009455074591	2.17488811516179
306	Just_Add_Water_by_sonne22.jpg	29.4081714590756	2.52399866885677
307	KhikLand_by_arghavan.jpg	42.274997489491	2.10614222893797
308	Kidan_laki_by_valkea.jpg	20.7204972931555	2.37802575892739
309	Kimono_by_baglady.jpg	25.0380090687614	2.17277848308092
310	knotty_on_the_beach_by_beckymillerartist-d4tpo3a.jpg	26.7051347361251	2.12268563797177
311	kumul_ate_the_mustard_seed_by_calebahamm-d4z2blg.jpg	28.8528886318681	2.27268370081519
312	L__ombre_bleue_by_DavideZam.jpg	18.963322481646	2.22268098841365
313	La_barque_by_french_art.jpg	16.5868780473825	2.07746032610056
314	la_fonte_by_happyfanie.jpg	21.9811077564877	2.26094307761158
315	La_tristesse_du_roi_by_Cadiou.jpg	24.1049000734106	2.34010783001029
316	labyrinth_by_mina1mina.jpg	24.896709785184	2.23675941780633
317	Large_Abstract_Painting_by_ink5000.jpg	27.1280267056112	2.21626661361692
318	le_blue_amoureux_by_chu_.jpg	38.0855839202536	2.18838076785073
319	le_chaos___2_by_narcisse_shrapnel-d3ge1lj.jpg	9.70986197913398	2.15612349347486
320	le_naufrage_by_narcisse_shrapnel-d33fgk8.jpg	18.0490556133904	2.15901632153352
321	les_flammes_de_l_inconnue_by_agolem-d69qp61.jpg	13.2401358508233	2.27959114682309
322	Light_by_BladMoran.jpg	27.2369093024358	2.92409270662095
323	lines_by_annuhhlise.jpg	19.4843214859468	2.60562036827819
324	Lines_by_drumguy8800.jpg	31.1904116151261	2.6650042698932
325	lines_by_zoundsister.jpg	22.8207573323125	2.31061523005595
326	lines_on_my_face_I_by_Saint_Gut_Free.jpg	23.7087774245621	2.26769125126857
327	Lost_Love_by_AmbassadorMagma.jpg	40.2970672618601	2.20363111257427
328	lullaby_by_d3n1s3-d6whhl7.jpg	50.2043838038496	2.30316280792736
329	lumiere__mere_by_happyfanie.jpg	33.1200712803825	2.27120636714834
330	M_O_N_O_N_O_K_E_by_never_neverland.jpg	23.6104703417585	2.36840215728857
331	magokoro_by_inthemorning.jpg	24.8429957594329	2.44152813375548
332	marilyn_ii_by_z0mbi0d-d4qi7zt.jpg	25.615745263288	2.30049230199299
333	membrane_01_by_pbxn109-d4p4tvp.jpg	29.5875871761006	2.1493273112347
334	membrane_02_by_pbxn109-d4vwqv3.jpg	32.4615995940781	2.21184062903678
335	Memory_by_ziopork.jpg	31.3780166913017	2.26778426009259
336	men_in_grey_by_kabagandalf-d33zl1c.jpg	24.3441872075335	2.81205261498228
337	Messenger_by_A_r_i_t_a.jpg	20.948688910447	2.37588509227355
338	Migration_by_AbstractMage.jpg	30.0370033791517	2.0935352571223
339	mind_games_updated_by_comteskyee-d5ohkh0.jpg	24.0452304458882	2.69378808563029
340	Mistaken_Tension_by_roberthuston.jpg	45.9872012010194	2.1890508583188
341	momentum_by_darklabstudios-d46xdz9.jpg	24.8871791060737	2.08016930922807
342	monte__s_apartment_by_CKdailyplanet.jpg	27.7407035911899	2.14284012903195
343	Mood_by_Nimroth.jpg	8.21974906221737	2.2521024725159
344	moon_tree_by_sozra-d3aq8o9.jpg	32.8049954470238	2.32780042778154
345	moth_by_crimzonlogic-d4szgnj.jpg	19.8417579958519	2.58956567046046
346	Movement_by_Baron_of_Bean_Dip.jpg	28.6278138332521	2.39980072188498
347	movement11_by_AFALLDEN.jpg	25.9000273716062	2.46971986477903
348	muscle_patterns_by_cheeseandahalf.jpg	17.0238501819843	2.43085830920415
349	my_vicious_delicious_by_emry07-d48fh8i.jpg	15.1513051515403	2.43593789677755
350	Mystic_by_BadeendDesDoods.jpg	36.3804247621799	2.27742119317468
351	Nailed___Industrial_Rust.jpg	14.7568685077639	2.49121315545089
352	nature_nurture_by_bmoss.jpg	32.09595914484	2.19848008738333
353	negative_in_azure_by_alianava.jpg	35.9750948892802	2.29527554598829
354	No_esta_ahi.jpg	25.508642944729	2.51186959339568
355	No_title_nr__62_2006_by_saraknudsen.jpg	43.9745175370314	2.20480170755126
356	North_York_Moors_by_Bibi89.jpg	27.7144714586105	2.12608022230112
357	nosedive_by_ra_bird-d4ngfnq.jpg	31.5268557200893	2.36631008391646
358	Not_my_Beautiful_Wife_Pt_2_by_bibble.jpg	26.048311018423	2.11165682060437
359	not_over_by_folcorchance-d533jzn.jpg	32.0604750743749	2.55893969923394
360	not_what_i_wanted_to_do_____by_folcorchance-d38qqm4.jpg	19.4202382013856	2.20791433605786
361	nothing_to_say_here_anymore_by_chintamani88.jpg	33.8838748443281	2.62348327777259
362	numinous_by_valzart-d518naa.jpg	24.8991377915747	2.1771208308077
363	O___metamorphosis_by_CSISMAN.jpg	25.785046881191	2.41106072357445
364	Off_the_Grid_by_decrire_des_cercles.jpg	18.2053915920659	2.22378572613824
365	olas_y_algas_by_bluestwaves-d32eflc.jpg	43.5795835996101	2.14650782193025
366	One_Free_Throw_by_Coconut_Artist.jpg	34.5197271415186	2.60364326575581
367	orange_and_black_by_chadsworth777-d50m9vw.jpg	26.7515171708182	2.14840052152319
368	Orange_and_Plum_by_vixen21.jpg	35.6102326772571	2.20425421507944
369	orange_by_shelbyfuckinparadize.jpg	27.4772327602916	2.17827283335093
370	order_out_of_chaos_by_sunrobot-d3dccm4.jpg	28.0932293933786	2.36907163173376
371	Organism____by_anonymouslyours.jpg	28.7565475598253	2.75437612218131
372	origin_by_hayleyfeatruki-d5ed0d5.jpg	19.9482952892566	2.86257879616225
373	outward_inside_by_muskelkraft-d3c6m1z.jpg	19.9460981433862	2.41519327299824
374	PA3_by_peterfelton.jpg	23.5713599091778	2.22630797710647
375	Paint_spill_by_lauracarter.jpg	26.7970956521274	2.32737994741718
376	Painted_Red___01_by_DecoyRobot.jpg	17.6019136558782	2.2373349041574
377	painting_i_by_timi_o-d547ky0.jpg	24.8812494819477	2.58792454592845
378	Paintings_by_AvniAyelet.jpg	28.9613939585698	2.58375345625944
379	Panic_by_UnbalancedWasher.jpg	9.21167007236914	2.2278203050652
380	Paper_Cuts_by_lien.jpg	25.0779100516169	2.20289014624083
381	partage_by_catherinepeguet-d5cybcm.jpg	25.8675596978216	2.27694601627385
382	past_present_future_by_everlynblueberry-d308d7s.jpg	34.1515088929825	2.36221511879552
383	Pastelline_Sketch_I_by_CameronCN.jpg	35.9543707202585	2.39075348965921
384	peace_sign_by_buildingsforbrains.jpg	31.3060908725647	2.20927038060978
385	peak_by_damo10-d4ptes1.jpg	26.7124669686822	2.08321197781565
386	Peeping_Tom_by_SimiArbeit.jpg	34.6736663872463	2.15096217346295
387	Permanent_States_of_Transition_by_BonnyLeibowitz.jpg	31.2238100132269	2.18608412583476
388	Pine_Exasperation_by_AppleSpirit.jpg	27.1397824208144	2.4186863380501
389	Pink_Floyd_Abstract_by_TheBalloonMan.jpg	22.1024736691737	2.90235622960892
390	Pixies_by_fatranita.jpg	12.6638119991711	2.17767014621995
391	plant_knots_by_mossy_tree-d4clxh4.jpg	35.987321475691	2.3142035680573
392	Playground_for_a_Seahorse_by_zanazac.jpg	33.643967440582	2.14237250034253
393	Pluie_Nucleaire_by_Enomya.jpg	17.9854403575355	2.11804997492594
394	Pollock_by_acduke.jpg	17.9579106373975	2.26126162418775
395	princes_garden_by_chrismasonic.jpg	23.9227928215288	2.23485207956753
396	Prism_by_klbailey.jpg	32.6240589578808	2.45329182858613
397	products_by_manmadeofjam.jpg	20.6978170813214	2.12260287920519
398	progression_by_oscar_d64.jpg	15.7607763228536	2.19634934177806
399	project_no2_by_bastkk-d31v6vd.jpg	24.6246929952147	2.65719628674038
400	Psychedelic_flow_by_CourtneyART.jpg	19.8673438313494	2.29998947952215
401	psychedelic_impressionism_by_desocializedmedicine-d58kvub.jpg	37.8359377647023	2.27861746236496
402	pyre_by_blusmithgallery-d32fxjn.jpg	25.9906974973319	2.27753753266427
403	Quartet_1_by_Obscx.jpg	14.5875329847647	2.18329492956116
404	quasar_by_artboy0128-d53llzj.jpg	22.0987955203614	2.32140268890847
405	r_e_d__r_y_u_k_i_n__by_clouded_ambition.jpg	24.1910128747347	2.1450587493913
406	Racing_Thoughts_by_blast3r.jpg	22.2120876344661	2.330552367768
407	Rainbow_by_pinkpeanut.jpg	32.2892295134593	2.3500049493358
408	rainbow_splash_by_chihuahua_yip-d5lx5eh.jpg	38.7217067776999	2.17329589325493
409	rainbow_squid_by_everlynblueberry-d33bnp8.jpg	30.2941331045095	2.12188701931599
410	RED_ADAN_by_davislisboa.jpg	28.6097637576797	2.24371123711598
411	red_galaxy_by_bobbyzeik-d3e8sbx.jpg	13.1325654157402	2.22055390230301
412	red_jazz_lines_ATC_by_colorfauna.jpg	29.8023649341003	2.70500402511816
413	red_landscape_by_amaranthussanctus-d5acv13.jpg	24.2614977197909	2.40814071936608
414	red_light_means_go_by_458749224979866.jpg	21.6750045182943	2.4601715208156
415	red_square_golden_sky_by_bmoss.jpg	28.0528714594916	2.28350592091065
416	red_strain_by_458749224979866.jpg	19.2037011831705	2.3658912547441
417	Remembering_the_Square_by_TKMUNDOK.jpg	32.7292137317665	2.5152379899732
418	ribbed_spawn_by_lowercaseJ.jpg	22.2985554402942	2.73779497575661
419	Rise_from_Below_by_windywater.jpg	22.9060034912665	2.18574834913918
420	rorschach_test_abstract_art_by_mushroombrain-d5l8wsb.jpg	22.4766755332701	2.4277854659608
421	rose_pentagram_by_spookyt5.jpg	27.9174973455732	2.16210966181146
422	Rot_by_Excymiir.jpg	36.4803915488695	2.36354152210689
423	Rounded_belongs_into_squared_6_by_StephanusEmbricanus.jpg	32.6474266049485	2.09089437133849
424	Royal_Disease_2_by_sick_snowangel.jpg	14.686259695158	2.56701331323616
425	Rusty_aged_texture_by_firesign24_7.jpg	16.332163684022	2.53145342427321
426	Sadness_by_julieomg.jpg	22.0850841854798	2.12724914730356
427	Sans_titre_by_CaraDery.jpg	26.8953784945532	2.16455288286763
428	Sans_titre_U_by_Bernardumaine.jpg	15.9962043590839	2.30846009897762
429	serenity_by_sandieblair-d2zqp73.jpg	32.6088328339389	2.23905578473513
430	Setting_by_Rot_Blau_Gruppe.jpg	31.4123295010632	2.18079909874316
431	shaded_flower_garden_by_lukashalza-d4we01o.jpg	41.8628096781164	2.30226396825257
432	Shapes_by_Lechtonen.jpg	32.3978528209881	2.22123072303858
433	Shuffled_Sideways_by_Mr_Tetanus.jpg	11.997992659263	2.23740546747745
434	simple_abstraction_by_afifi96-d3wmlfu.jpg	25.843488093377	2.59552824581028
435	smokehole_by_contrabassoon-d3lml11.jpg	20.8991259863281	2.86338573739667
436	song_of_salomon_8_6_by_migot.jpg	12.6161217374827	2.30599267721176
437	souls_by_kiukkukissa-d4hc28v.jpg	19.5814566194871	2.74752446345983
438	Soup_For_Soul_by_dazza1986.jpg	38.2489238062191	2.1130738123812
439	Spirals_by_ThingsWillGoMyWay.jpg	34.4592491477987	2.41060174269206
440	spirit_rhythm_by_cypherthepanicartist-d3cldu2.jpg	33.1772911079457	2.16616226639676
441	Spring_Mandala_by_darklingwoods.jpg	36.5005840563421	2.20957941499139
442	Stallion_Spirit_by_Stephen_Coelho.jpg	28.7650433186109	2.29222889198663
443	starburst2_by_doktah74-d3cd656.jpg	22.5275373761002	2.24232636161325
444	Streams_of_Color_by_MattTheSamurai.jpg	31.4046812178646	2.13989673085122
445	structureXXXVI_pink_and_blue_by_boy1der.jpg	42.9256270735274	2.14767574141258
446	summer_is_running_out_____by_pluto52-d4bgh2i.jpg	22.4088096967388	2.05373470167716
447	summer_project_2____creation_of_energy_by_sanguinediamond-d5brss8.jpg	34.4757647124234	2.35004014040936
448	Summer_tree_by_Iliazero.jpg	28.0936145610282	2.20458660927547
449	sun_and_flower_by_evellii-d58al0p.jpg	41.0686953616656	2.1724131212611
450	sunrise_over_mist_by_saiyuki989-d67zw9k.jpg	30.1449306949707	2.79284400632485
451	Swirl_by_Nareya.jpg	37.9465510477415	2.26282128028873
452	technique_by_evolution__art-d4httdz.jpg	31.1363319821466	2.35214712960919
453	The_Beach_at_Redpoint_by_TurquoiseHexagonSun.jpg	41.6674689423053	2.23398192266546
454	The_City_is_Burning_by_Coltonnewell.jpg	22.3412584388004	2.47021276270919
455	the_color_desert_by_art_of_avramoski-d4qi0sd.jpg	14.8877517809648	2.25600037321159
456	The_Elements_II_by_Russell_Barnes.jpg	33.934289382121	2.44466177659011
457	the_last_by_littlemine-d5pxun6.jpg	30.5207867251092	2.2077315949816
458	The_morning_after_by_latinabarbie.jpg	20.6329261078275	2.22608122516045
459	The_Perpetual_Dream_by_latinabarbie.jpg	37.9337061369486	2.28800534598124
460	The_Philosophy_of_Process___2_by_etc_etc_etc.jpg	25.7080703413796	2.40531060032893
461	the_places_we_get_lost_by_d3n1s3-d2zes0t.jpg	39.2217658131182	2.30062306011218
462	The_Pope_by_daaram.jpg	7.03542597868784	2.19402216181431
463	the_renaming_ceremony_by_9days-d4myyfj.jpg	25.575913277431	2.23547713605508
464	the_shame_of_a_million_downcast_eyes_by_9days-d4raena.jpg	19.4953202012267	2.51104505032725
465	the_teardrop_explodes_by_numb_synapse.jpg	31.7483515313129	2.92136851272084
466	the_tricks_and_magics_by_numb_synapse.jpg	21.3195951363027	2.24648852182357
467	The_vision_by_j_hicks.jpg	25.7383908975225	2.19788115241143
468	this_is_how_i_start____by_amytea-d5yv6xy.jpg	30.2173278711435	2.15910069671384
469	this_was_fun_by_heinvdmartist-d3kl64t.jpg	31.4779330826427	2.18057281004685
470	thursday__s_child_has_far_to_go_by_atj1958-d34hzld.jpg	18.1102098621687	2.25326143013911
471	To_listen_to_a_Silver_Swan_by_firehairphenom.jpg	32.5825264481442	2.61142893857983
472	towards_the_within_by_trollgirl-d2ywxie.jpg	36.5342385399575	2.36367085927227
473	Tranquility_by_astral_phoenix.jpg	40.0363002878747	2.23983239828427
474	Two_Elements_by_CreativeNiCo.jpg	24.0383866835462	2.3142824618666
475	untamed_by_under_the_ivy-d3093t3.jpg	29.0307884374382	2.69625889260544
476	Untitled__redo_by_amnios.jpg	29.5479274078262	2.28398691821462
477	untitled_1_by_eliassaile-d4wvf07.jpg	11.3304940705374	2.25101987719972
478	Untitled_22_by_aboundingmist.jpg	25.7650979412206	2.96273318151775
479	untitled_60_by_matt34564-d69usdl.jpg	15.5994465786576	2.27263203575763
480	untitled_by_0palesque-d4lp5nz.jpg	32.0674432293798	2.37432433130128
481	untitled_by_andrew_ross_maclean-d3jffsu.jpg	39.3745191870025	2.11501294526049
482	untitled_by_remsnd-d4i0w58.jpg	37.2156679644107	2.45630462970488
483	Untitled_No_19_by_awol1966.jpg	9.46316737700968	2.19101689953291
484	Untitled_No_9_by_awol1966.jpg	22.209289674551	2.19513786989288
485	Vulcan_texture_by_Eos_Stock.jpg	26.5569280508818	2.13976092528647
486	walking_on_the_moon_by_sounchy-d2dk51t.jpg	29.651488415097	2.14708450483018
487	War_by_anda0105.jpg	16.9691968833983	2.06634133068002
488	wasted_by_saturdayx.jpg	23.8331258570574	2.4211932762649
489	waves_by_drawingsbycharlotte.jpg	16.0255055910707	2.30372954466301
490	way_out_by_damny.jpg	30.010158175145	2.13442325301184
491	weed.jpg	20.5944694482101	2.84591494854155
492	weedy_by_beatnik.jpg	35.6664014898427	2.28014150435947
493	When_she_caught_my_sun_____by_Minzile.jpg	25.5176661661295	2.13236146921721
494	window2vb_by_nauriel666-d666glk.jpg	29.9340910493242	2.47049555390169
495	WIP_I_by_MattTheSamurai.jpg	21.0621015697032	2.8572598487518
496	without_titles.jpg	24.7023627400568	2.64601375403631
497	work_number___110_by_morbido13-d4pm4ms.jpg	30.4036583855556	2.40854604365847
498	x_i_n_by_saiyanzrepublik-d35nnh0.jpg	12.625057508325	2.29072340291595
499	youneye_verse_sumth_in__by_eightoutside.jpg	34.9473511782694	2.16899544122759
500	your_love_runs_over_me_by_ultimaterave-d5io2e0.jpg	36.3978877097172	2.13791066712685